73.7 68.3 68.8 66.5 66.4 67.4 66.5 64.5 65.8 66.0 62.8 67.0 62.1 58.2 56.6
82.1 76.9 78.5 74.8 72.1 75.4 74.3 70.6 70.8 67.8 63.2 76.2 65.3 65.3 60.6
85.0 80.2 80.8 80.3 78.1 79.3 78.1 74.7 76.5 76.6 75.5 78.6 72.3 70.9 63.2
85.1 80.0 81.1 79.9 77.7 80.2 77.9 75.3 76.7 76.4 75.2 79.4 71.8 71.8 64.5
73.7 70.4 70.7 68.7 69.1 70.4 67.8 66.3 66.8 66.5 64.4 68.3 64.2 61.8 59.3
85.0 79.0 79.5 78.1 77.8 77.6 75.5 73.7 73.7 70.8 70.4 73.6 69.0 64.7 65.1
85.1 80.1 80.3 78.2 77.5 78.0 76.2 73.3 73.9 72.8 71.6 74.1 70.3 65.2 66.3
73.7 67.7 68.7 67.7 68.9 67.9 65.4 64.2 64.8 66.4 64.1 65.8 64.1 55.7 58.4
82.1 73.8 74.3 71.1 66.4 68.9 69.0 61.6 64.9 69.5 55.8 69.3 60.0 50.4 58.0
73.9 71.9 72.9 72.6 73.1 74.2 71.5 69.7 71.4 72.0 69.2 71.4 65.5 62.2 61.0
85.0 78.7 78.9 77.8 76.6 77.4 75.3 72.5 73.1 76.1 73.2 76.5 69.6 68.4 67.3
85.1 79.0 79.4 77.8 77.2 77.2 76.3 72.8 73.5 76.4 73.6 76.2 69.4 69.7 66.7
85.0 80.8 81.3 80.3 79.1 80.9 78.3 75.6 77.6 78.5 76.0 79.5 72.9 72.8 68.5
85.2 80.5 81.8 80.9 79.7 81.1 79.3 76.2 78.2 78.5 76.4 79.7 73.4 73.6 68.8
85.5 81.1 82.0 81.1 80.0 81.3 79.6 76.6 78.2 78.2 75.9 79.9 73.7 74.2 69.3
85.5 81.9 81.8 80.5 80.5 81.0 79.3 76.4 78.1 78.3 76.3 79.6 72.9 73.0 68.7
85.6 81.1 82.3 80.9 79.5 81.4 79.7 76.8 78.2 77.9 77.1 80.5 73.4 73.8 69.6