91.2 82.2 84.6 82.4 82.1 82.1 79.2 76.5 77.4 73.8 73.4 76.7 70.5 67.2 66.8
91.6 85.7 87.4 85.4 85.1 85.1 83.6 81.3 81.5 78.7 78.2 81.1 76.3 72.7 71.5
91.4 86.0 87.4 85.7 85.7 85.4 84.4 82.3 82.1 79.0 79.3 81.8 77.6 73.5 73.6
90.3 82.2 84.2 82.6 81.9 82.0 79.3 76.7 77.5 75.0 73.7 77.5 70.9 67.8 67.2
90.2 84.1 86.3 84.5 84.5 84.1 82.2 79.6 80.7 78.5 77.3 80.8 75.2 72.5 71.2
89.5 84.9 85.5 84.5 84.5 84.6 82.9 80.6 81.4 78.9 78.1 81.5 76.3 73.3 72.5
89.8 83.2 85.6 84.2 84.0 83.6 81.6 78.4 79.3 77.6 76.7 80.0 74.3 71.3 70.1
89.8 84.4 85.3 84.7 84.1 84.0 82.0 79.8 80.3 77.4 77.7 80.6 74.7 71.8 71.3
90.4 84.4 85.5 84.3 81.9 83.6 80.1 80.1 79.8 81.8 78.3 80.3 77.7 72.8 74.5
90.2 86.0 86.9 86.5 84.0 85.3 83.2 82.5 82.7 83.7 80.7 83.0 79.7 75.6 77.1
89.5 86.0 86.2 86.2 83.9 85.1 83.4 82.2 83.0 83.9 81.2 83.9 80.1 75.2 78.1
89.9 85.7 87.3 85.6 83.9 85.4 82.9 82.0 82.3 83.6 80.0 82.6 79.9 75.5 76.8
90.2 85.9 86.9 86.5 84.4 85.5 83.4 83.0 82.4 83.6 80.5 83.6 80.4 76.5 77.9