88.8 81.4 82.3 80.1 80.3 80.9 76.2 76.0 75.4 72.0 71.9 75.6 70.0 65.8 65.8 76.2
91.3 82.9 84.3 81.2 81.7 83.1 78.3 76.8 76.6 74.2 74.1 77.5 70.9 66.7 66.8 77.8
90.6 85.4 86.3 84.3 85.2 85.7 82.3 80.6 81.5 77.8 78.6 81.2 77.1 73.5 72.3 81.5
90.5 85.8 86.6 84.6 85.5 85.8 82.9 81.2 82.3 78.7 79.7 82.3 77.6 74.4 72.9 82.1
85.6 81.1 82.3 80.9 79.5 81.4 79.7 76.8 78.2 77.9 77.1 80.5 73.4 73.8 69.6 78.5
88.7 85.2 85.6 84.6 83.6 85.5 82.4 81.6 80.9 83.4 80.9 83.3 79.8 75.9 74.3 82.4
82.1 73.8 74.3 71.1 66.4 68.9 69.0 61.6 64.9 69.5 55.8 69.3 60.0 50.4 58.0 66.3
85.0 78.7 78.9 77.8 76.6 77.4 75.3 72.5 73.1 76.1 73.2 76.5 69.6 68.4 67.3 75.1
85.1 79.0 79.4 77.8 77.2 77.2 76.3 72.8 73.5 76.4 73.6 76.2 69.4 69.7 66.7 75.4
88.8 83.6 84.2 82.7 82.3 83.1 80.1 79.0 78.8 79.7 78.6 80.2 75.8 72.0 71.7 80.1
88.8 84.8 85.7 84.6 84.2 85.7 82.9 81.8 82.0 82.1 79.9 81.8 79.8 75.9 76.7 82.4
88.7 85.0 86.1 84.8 84.8 86.1  83.5 82.2 82.4 83.0 80.8 82.6 80.3 76.0 77.3 82.9