ab  60.0 76.3 69.2 83.9 77.8 inf inf inf 85.4 83.3
ace 81.6 88.2 87.0 89.8 89.2 inf inf inf 93.0 93.0
ady 92.7 82.2 86.3 90.9 91.9 inf inf inf 96.3 96.3
af  85.7 80.6 90.4 90.8 90.4 88.2 89.4 91.0 89.2 92.1
ak  86.8 68.9 72.5 89.5 75.8 inf inf inf 91.3 94.1
als 85.0 79.2 88.3 89.9 89.9 inf inf inf 90.0 92.0
am  84.7 35.8 62.1 66.8 67.2 inf inf inf 75.7 76.3
an  93.0 82.7 94.1 93.9 94.7 95.1 95.9 96.6 94.4 97.0
ang 84.0 75.2 79.8 78.4 80.4 inf inf inf 84.8 84.7
ar  88.3 93.4 93.1 93.7 93.1 88.7 91.0 93.0 79.4 93.2
arc 68.5 65.8 78.7 79.5 76.2 inf inf inf 84.1 85.6
arz 77.8 81.7 78.0 78.8 76.5 inf inf inf 85.7 85.7
as  89.6 93.5 87.5 87.3 86.1 inf inf inf 90.7 90.9
ast 89.2 82.1 89.8 89.5 90.3 91.2 92.1 92.4 94.6 94.9
av  82.0 72.9 78.2 77.6 78.2 inf inf inf 85.5 85.6
ay  88.5 86.5 97.3 97.1 95.7 inf inf inf 97.8 97.6
az  85.1 77.5 89.7 89.5 88.7 88.8 89.5 90.3 85.0 90.8
azb 88.4 92.3 87.5 89.0 88.1 90.0 89.2 88.8 93.2 93.9
ba  93.8 93.4 95.6 96.2 95.9 96.0 95.8 96.5 96.5 97.2
bar 97.1 93.7 97.1 97.4 97.6 97.1 97.7 97.7 97.9 98.3
bcl 82.3 75.4 74.0 74.4 74.1 inf inf inf 91.2 92.9
be  84.1 84.3 90.7 91.9 91.5 89.2 91.0 92.0 86.9 92.0
bg  65.8 89.4 95.5 95.8 95.7 93.4 94.2 95.7 89.8 95.5
bi  88.5 84.5 73.8 79.9 81.6 inf inf inf 93.9 93.9
bjn 64.7 69.8 67.9 72.3 69.3 inf inf inf 83.6 84.0
bm  77.3 67.1 63.3 64.0 71.2 inf inf inf 79.8 80.8
bn  93.8 96.0 95.9 95.8 95.9 95.3 95.2 96.6 92.2 96.3
bo  70.4 85.0 87.2 87.0 83.6 inf inf inf 85.8 86.2
bpy 98.3 96.4 95.2 96.8 95.6 97.0 95.2 94.4 97.9 97.9
br  87.0 82.2 90.6 92.1 91.1 89.7 90.6 92.7 89.6 93.1
bs  84.8 80.6 88.1 89.8 89.2 89.6 89.8 90.9 88.0 92.1
bug 99.9 100.0 100.0 100.0 99.9 inf inf inf 100.0 100.0
bxr 75.0 73.7 76.6 78.0 79.8 inf inf inf 84.9 85.4 
ca  90.3 86.1 95.7 96.2 95.9 93.7 94.9 96.1 89.3 95.7
cdo 91.0 72.1 78.7 79.5 75.0 inf inf inf 85.1 86.4
ce  99.4 99.3 99.5 99.6 99.5 99.7 99.7 99.7 99.6 99.8
ceb 96.3 98.3 99.0 98.9 99.0 99.3 99.2 99.3 98.4 99.4
ch  70.6 40.3 39.7 67.4 60.0 inf inf inf 78.8 78.8
chr 70.6 65.9 61.4 63.6 69.7 inf inf inf 84.0 84.9
chy 85.1 77.6 77.3 81.1 75.8 inf inf inf 86.2 88.5
ckb 88.1 88.7 88.9 88.7 89.0 inf inf inf 90.0 90.2
co  85.4 74.5 86.4 83.9 84.7 inf inf inf 91.6 92.3
cr  91.8 57.6 40.0 30.8 51.9 inf inf inf 90.0 90.0
crh 90.1 88.2 90.6 92.6 91.3 inf inf inf 93.0 93.3
cs  94.6 85.7 94.3 95.0 94.7 92.7 93.8 94.3 85.0 94.5
csb 87.0 82.6 83.3 88.0 88.9 inf inf inf 88.2 89.7
cu  75.5 68.0 74.4 81.8 78.0 inf inf inf 87.0 85.6
cv  95.7 95.8 96.6 96.8 96.9 97.6 97.2 97.3 97.2 97.4
cy  90.7 86.1 92.9 93.8 93.6 91.6 92.8 93.0 90.5 94.4
da  87.1 81.1 92.5 93.3 92.9 92.1 92.8 94.2 87.5 93.7
de  89.0 77.2 94.4 93.0 94.1 88.8 89.6 91.2 80.1 90.6
diq 79.3 67.3 73.5 80.2 77.3 inf inf inf 90.6 90.8
dsb 84.7 74.9 76.1 76.2 82.0 inf inf inf 94.8 96.7
dv  76.2 60.8 76.5 77.7 74.4 inf inf inf 86.9 87.3
dz  50.0 51.8 88.2 80.5 76.2 inf inf inf 93.3 91.4
ee  63.2 64.5 54.4 56.9 57.8 inf inf inf 87.8 90.5
el  84.6 80.9 92.0 92.3 92.5 89.9 90.8 93.0 84.2 92.8
eo  88.7 84.7 93.7 94.3 94.2 inf inf inf 88.1 94.8
es  93.9 89.2 96.2 96.7 96.5 92.5 93.1 93.8 86.6 93.7
et  86.8 81.8 91.9 92.9 92.4 91.0 92.3 93.2 87.1 93.2
eu  82.5 88.7 94.7 95.4 95.1 94.9 95.2 96.2 91.0 96.0
ext 77.8 71.6 78.3 78.8 78.8 inf inf inf 85.4 87.4
fa  96.4 97.2 96.9 97.3 96.8 94.7 95.3 96.1 86.7 96.2
ff  76.9 52.0 68.2 72.4 76.7 inf inf inf 90.9 90.9
fi  93.4 81.5 93.1 93.7 93.2 91.2 92.0 93.1 82.9 92.8
fj  75.0 49.8 65.9 52.7 52.4 inf inf inf 100.0 100.0
fo  83.6 82.4 85.1 87.7 87.1 inf inf inf 92.0 92.2
fr  93.3 87.2 95.5 95.7 95.5 93.4 93.6 94.2 83.8 92.0
frp 86.2 86.9 86.6 89.6 90.4 inf inf inf 93.4 94.7
frr 70.1 79.5 86.7 88.2 88.6 inf inf inf 90.1 91.1
fur 84.5 77.1 79.7 78.6 81.4 inf inf inf 86.3 88.3
fy  86.6 80.7 89.8 90.8 90.5 88.2 89.3 90.4 91.9 93.0
ga  85.3 77.6 87.3 87.8 86.8 85.5 86.4 86.2 89.1 92.0
gag 89.3 91.2 94.9 96.9 95.3 inf inf inf 96.2 97.5
gan 84.9 79.6 87.3 88.1 85.8 inf inf inf 91.9 92.0
gd  92.8 81.6 85.5 86.4 87.7 inf inf inf 92.4 93.5
gl  87.4 78.7 92.8 93.7 93.1 92.7 93.2 93.9 90.2 94.9
glk 59.5 83.8 65.5 73.5 69.4 inf inf inf 76.8 80.7
gn  71.2 72.3 82.1 79.9 81.1 inf inf inf 83.5 85.4
gom 88.8 93.6 95.8 95.6 95.4 inf inf inf 92.7 95.8
got 91.7 61.3 62.8 70.2 67.8 inf inf inf 81.4 82.6
gu  76.0 79.4 76.8 79.5 78.8 76.6 76.6 83.3 82.9 83.1
gv  84.8 73.5 72.5 72.2 77.3 inf inf inf 92.5 93.7
ha  75.0 85.5 82.9 82.8 81.3 inf inf inf 94.7 93.8
hak 85.5 80.8 87.0 86.8 85.1 inf inf inf 90.0 90.9
haw 88.0 89.9 88.4 92.7 93.9 inf inf inf 94.9 95.0
he  79.0 91.6 90.8 91.2 90.6 84.8 88.4 91.3 70.6 88.9
hi  86.9 89.2 89.9 89.4 88.9 84.4 87.3 88.9 88.9 91.8
hif 81.1 76.8 71.6 77.2 78.7 inf inf inf 95.6 96.1
hr  82.8 80.9 89.5 90.7 90.5 90.3 90.6 92.4 86.5 91.8
hsb 91.5 91.7 88.3 90.4 91.7 inf inf inf 95.9 95.8
ht  98.9 99.0 98.8 99.1 98.8 98.6 99.0 98.8 99.6 99.7
hu  95.9 85.3 95.0 95.4 95.2 92.4 93.1 94.4 86.3 94.7
hy  90.4 85.0 93.2 93.6 93.5 92.0 92.7 93.7 89.3 94.4
ia  75.4 79.3 81.3 84.2 84.7 inf inf inf 88.5 89.9
id  87.8 85.4 94.5 95.1 94.7 93.3 93.7 94.9 89.3 95.4
ie  88.8 85.6 90.3 90.0 87.4 inf inf inf 95.2 95.7
ig  74.4 68.9 82.7 83.4 83.6 inf inf inf 88.9 89.5
ik  94.1 83.1 88.6 89.3 89.2 inf inf inf 93.3 93.8
ilo 90.3 80.9 87.6 81.2 86.1 inf inf inf 95.8 96.3
io  87.2 86.4 88.1 87.4 90.8 91.1 92.0 92.5 95.4 95.8
is  80.2 75.7 85.6 87.0 87.1 86.8 83.8 87.5 88.4 90.7
it  96.6 89.6 96.1 96.1 96.3 93.8 93.7 94.5 87.1 94.0
iu  66.7 68.6 84.0 88.9 86.6 inf inf inf 92.8 92.3
ja  79.2 71.0 67.7 71.9 68.9 67.8 69.0 69.1 47.6 68.4
jbo 92.4 87.9 89.0 90.6 88.7 inf inf inf 94.4 94.5
jv  82.6 67.4 83.6 87.3 87.1 87.6 88.1 89.0 92.3 93.2
ka  79.8 89.0 89.5 89.4 88.5 85.3 87.6 89.7 81.4 89.3
kaa 55.2 77.2 78.4 81.3 82.0 inf inf inf 88.5 89.4
kab 75.7 79.4 85.8 86.1 86.5 inf inf inf 87.9 89.1
kbd 74.9 74.3 81.3 83.7 84.8 inf inf inf 90.4 91.6
kg  82.1 93.0 91.8 93.8 95.7 inf inf inf 95.4 95.6
ki  97.5 93.6 91.9 93.5 93.3 inf inf inf 97.2 97.2
kk  88.3 93.8 97.0 97.5 97.1 97.3 97.3 97.8 95.9 97.6
kl  75.0 86.4 83.6 85.9 88.8 inf inf inf 92.9 92.6
km  52.2 51.1 87.1 85.6 85.6 inf inf inf 91.2 90.7
kn  60.1 76.0 72.4 77.3 74.5 68.7 71.4 75.1 81.3 80.5
ko  90.6 44.4 91.5 92.1 91.7 86.8 88.4 91.1 72.4 90.6
koi 89.6 90.2 91.2 92.0 92.0 inf inf inf 93.0 93.7
krc 84.9 75.6 78.2 82.3 83.4 inf inf inf 89.8 89.1
ks  75.0 23.4 23.8 40.7 34.1 inf inf inf 64.2 64.2
ksh 56.0 44.0 57.6 52.6 60.2 inf inf inf 72.4 74.1
ku  83.2 71.1 79.3 81.2 85.2 inf inf inf 90.9 91.7
kv  89.7 85.3 83.1 85.0 84.9 inf inf inf 93.1 94.1
kw  94.0 90.4 90.4 91.1 92.7 inf inf inf 97.1 97.7
ky  71.8 58.6 67.2 69.9 72.9 70.9 72.9 75.3 81.0 82.0
la  90.8 93.1 96.2 97.1 97.0 96.8 97.1 97.3 92.8 97.1
lad 92.3 79.5 80.0 82.8 83.0 inf inf inf 93.9 94.1
lb  81.5 68.0 87.3 86.9 86.6 86.3 86.4 88.8 86.2 89.7
lbe 88.9 81.1 84.4 84.5 86.2 inf inf inf 91.8 92.6
lez 84.2 87.6 89.2 90.4 91.2 inf inf inf 93.8 94.2
lg  98.8 92.0 91.5 91.3 91.0 inf inf inf 97.2 97.2
li  89.4 83.4 86.3 90.4 88.0 inf inf inf 93.7 94.9
lij 72.3 75.9 79.9 82.2 82.3 inf inf inf 87.3 87.5
lmo 98.3 98.6 98.5 98.8 99.0 99.1 99.3 99.3 98.8 99.3
ln  82.8 68.3 74.3 81.3 78.8 inf inf inf 87.2 87.4
lo  52.8 67.7 70.5 76.6 72.6 inf inf inf 86.1 86.8
lrc 65.2 70.5 59.3 71.8 66.0 inf inf inf 79.8 80.0
lt  86.3 84.1 91.2 92.4 91.4 90.7 91.5 92.7 85.9 92.2
ltg 74.3 78.3 80.6 82.1 82.8 inf inf inf 88.8 89.0
lv  92.1 87.6 92.7 94.1 93.9 91.9 93.1 94.2 87.2 94.0
mai 99.7 98.1 98.4 98.3 98.4 inf inf inf 99.6 100.0
mdf 82.2 65.3 71.6 74.9 76.0 inf inf inf 84.2 88.4
mg  98.7 99.3 99.4 99.3 99.4 99.4 99.4 99.4 99.1 99.5
mhr 86.7 88.4 89.0 92.2 89.9 inf inf inf 94.8 95.3
mi  95.9 92.6 96.2 96.5 96.1 inf inf inf 96.4 97.6
min 85.8 84.5 87.9 87.7 88.3 86.8 89.8 91.2 94.3 94.6
mk  93.4 87.4 93.6 94.2 94.0 92.9 92.5 93.7 90.6 94.6
ml  82.4 86.3 84.7 86.2 84.6 79.7 81.5 85.0 77.2 84.2
mn  76.4 71.2 73.1 72.5 77.6 76.8 76.0 79.5 85.9 87.0
mr  82.4 88.0 86.8 87.7 87.1 85.0 85.9 88.0 85.0 89.7
mrj 97.0 96.9 96.8 96.9 97.6 inf inf inf 97.7 98.3
ms  86.8 88.0 95.4 95.9 95.4 94.9 95.4 95.9 92.3 96.7
mt  82.3 68.9 77.1 80.1 78.9 inf inf inf 84.5 87.0
mwl 76.1 65.1 75.4 73.7 73.4 inf inf inf 80.0 80.8
my  51.5 73.3 72.2 72.2 70.5 69.1 72.4 75.6 77.1 76.3
myv 88.6 90.3 86.7 90.3 90.0 inf inf inf 92.9 93.2
mzn 86.4 89.2 88.5 87.7 86.6 inf inf inf 91.8 92.2
na  87.6 84.7 83.7 88.6 90.0 inf inf inf 94.4 95.2
nap 86.9 72.4 81.5 82.1 80.7 inf inf inf 87.7 88.7
nds 84.5 78.0 87.4 90.1 89.3 88.6 88.9 89.5 93.2 93.3
ne  81.5 80.2 79.3 75.6 74.2 76.2 77.1 79.7 87.9 87.7
new 98.2 98.6 98.3 98.2 98.3 97.9 98.4 98.3 98.8 99.5
nl  93.2 85.2 94.4 95.5 95.3 92.6 92.5 93.5 86.9 93.5
nn  88.1 85.3 93.6 94.7 94.2 93.3 93.4 94.5 90.6 95.0
no  94.1 86.9 94.8 95.4 95.0 93.2 93.6 95.0 87.0 94.8
nov 77.0 87.2 94.0 94.3 93.5 inf inf inf 97.9 98.0
nrm 96.4 89.7 88.1 91.9 92.4 inf inf inf 97.9 98.3
nso 98.9 98.7 97.2 97.2 97.7 inf inf inf 99.2 99.1
nv  90.9 81.7 80.2 83.2 83.0 inf inf inf 91.6 90.7
ny  56.0 46.8 48.0 41.7 40.8 inf inf inf 86.1 86.1
oc  92.5 87.7 93.0 93.1 94.6 94.3 94.4 95.2 93.3 96.5
om  74.2 67.2 69.9 72.8 75.6 inf inf inf 78.8 80.6
or  86.4 75.6 86.6 84.0 82.2 inf inf inf 92.5 93.0
os  87.4 81.2 82.4 85.5 84.7 inf inf inf 91.4 91.6
pa  74.8 81.9 75.2 72.4 77.7 77.6 74.8 79.0 85.3 84.8
pag 91.2 89.5 87.2 88.6 89.9 inf inf inf 91.5 91.2
pam 87.2 78.4 76.8 78.0 84.3 inf inf inf 93.1 93.5
pap 88.8 72.7 79.0 76.4 80.7 inf inf inf 87.5 87.1
pcd 86.1 86.9 88.1 91.4 90.3 inf inf inf 91.4 92.2
pdc 78.1 71.6 75.7 79.7 80.5 inf inf inf 84.7 87.0
pfl 42.9 56.6 62.3 65.0 64.9 inf inf inf 76.5 78.9
pi  83. 30.0 25.0 15. 40.0 inf inf inf 90.9 90.9
pih 87.2 78.5 73.1 76.7 86.0 inf inf inf 91.8 91.8
pl  90.0 86.0 94.4 95.0 94.5 91.0 91.4 92.9 84.2 92.6
pms 98.0 95.7 96.4 96.1 96.1 97.0 97.3 97.9 97.9 98.2
pnb 90.8 91.2 90.2 89.8 90.7 91.4 90.1 91.2 90.9 91.7
pnt 61.5 70.1 66.2 71.3 73.5 inf inf inf 77.2 78.3
ps  66.9 79.2 77.8 77.9 77.4 inf inf inf 78.6 79.8
pt  90.7 86.3 95.7 96.0 95.8 92.6 92.8 93.7 86.8 94.3
qu  92.5 90.0 93.2 93.9 93.3 inf inf inf 96.0 97.1
rm  82.0 80.3 86.2 87.8 87.1 inf inf inf 90.1 91.0
rmy 68.5 65.6 80.4 81.3 80.8 inf inf inf 93.0 93.0
rn  40.0 52.6 65.7 65.2 82.6 inf inf inf 94.7 94.7
ro  90.6 87.6 95.7 96.8 95.6 94.8 94.7 95.6 90.4 96.4
ru  90.1 89.7 95.2 95.4 94.7 91.8 92.0 93.0 85.1 92.2
rue 82.7 78.1 76.0 81.7 84.2 inf inf inf 89.1 89.8
rw  95.4 86.2 83.9 89.1 87.6 inf inf inf 92.7 93.3
sa  73.9 76.7 78.4 78.7 71.4 inf inf inf 80.8 80.6
sah 91.2 89.6 91.5 92.2 91.1 inf inf inf 95.0 94.6
sc  78.1 74.6 71.9 70.8 76.4 inf inf inf 86.9 86.6
scn 93.2 82.6 88.9 91.1 90.7 91.5 91.6 92.4 95.0 95.2
sco 86.8 84.1 88.9 90.7 90.7 89.0 89.8 91.1 90.8 93.2
sd  65.8 80.1 78.7 81.7 75.2 inf inf inf 82.0 84.9
se  90.3 92.6 88.6 91.0 91.8 inf inf inf 95.7 95.8
sg  99.9 71.5 92.0 86.2 93.2 inf inf inf 96.0 96.0
sh  97.8 98.1 99.4 99.5 99.4 98.8 98.9 98.9 98.3 99.1
si  87.7 87.0 80.2 80.3 79.4 inf inf inf 85.2 87.3
sk  87.3 83.5 92.4 93.5 93.1 92.9 93.7 94.4 88.5 94.5
sl  89.5 86.2 93.0 94.2 93.8 93.0 94.4 95.1 90.9 95.2
sm  80.0 56.0 65.5 70.4 64.2 inf inf inf 80.7 81.9
sn  95.0 71.6 79.7 79.3 80.7 inf inf inf 89.3 89.7
so  85.8 75.3 82.6 84.5 84.5 inf inf inf 88.0 89.3
sq  94.1 85.5 93.2 94.2 94.2 94.3 94.8 95.5 93.3 95.7
sr  95.3 94.3 96.8 97.1 97.1 96.4 96.3 96.8 92.9 96.6
srn 76.5 81.9 89.4 90.3 88.2 inf inf inf 93.8 94.6
ss  69.2 74.1 81.9 77.2 82.6 inf inf inf 87.4 88.0
st  84.4 78.6 88.2 93.3 91.1 inf inf inf 96.6 96.6
stq 70.0 76.6 78.9 77.4 74.1 inf inf inf 91.4 91.9
su  72.7 53.5 58.8 57.0 66.8 76.4 69.6 68.1 87.3 89.0
sv  93.6 96.2 98.5 98.8 98.7 97.9 98.0 98.1 96.8 97.8
sw  93.4 85.2 91.0 90.7 90.8 91.0 91.7 91.7 92.8 93.6
szl 82.7 77.9 79.6 82.2 84.1 inf inf inf 92.1 93.1
ta  77.9 86.3 84.5 85.7 84.3 inf inf inf 75.2 84.2
te  80.5 87.9 87.8 87.5 87.5 80.4 83.7 86.8 83.4 87.5
tet 73.5 79.3 81.1 85.3 84.0 inf inf inf 92.8 93.0
tg  88.3 85.4 89.6 89.8 88.8 87.4 88.4 89.3 92.3 94.1
th  56.2 81.0 80.8 81.4 81.6 70.2 78.4 77.6 42.4 77.7
ti  94.2 60.2 77.3 49.5 32.9 inf inf inf 91.7 91.7
tk  86.3 81.5 82.7 82.8 83.7 inf inf inf 89.0 89.8
tl  92.7 79.4 93.9 93.7 93.7 92.8 94.2 94.0 92.2 96.2
tn  76.9 72.6 72.3 79.8 81.2 inf inf inf 83.6 84.7
to  92.3 77.0 67.6 74.9 81.2 inf inf inf 86.3 88.2
tpi 83.3 84.7 84.6 86.4 88.5 inf inf inf 94.7 95.6
tr  96.9 77.5 94.4 94.9 94.5 92.6 93.1 94.4 86.1 95.1
ts  93.3 94.4 78.9 86.3 77.0 inf inf inf 91.3 92.2
tt  87.7 96.9 98.4 98.4 98.4 98.4 98.2 98.6 97.7 98.8
tum 93.8 95.8 90.7 93.7 93.2 inf inf inf 97.6 97.6
tw  94.6 91.2 87.5 92.3 94.8 inf inf inf 97.9 97.9
ty  86.7 90.8 97.2 94.3 96.0 inf inf inf 95.4 95.6
tyv 91.1 70.3 73.4 67.2 65.0 inf inf inf 84.6 84.5
udm 88.9 83.4 85.6 85.6 83.6 inf inf inf 95.6 96.6
ug  79.7 84.6 83.2 82.0 80.0 inf inf inf 87.1 87.4
uk  91.5 91.2 95.6 96.0 95.8 92.1 92.5 93.7 88.9 94.9
ur  96.4 96.9 97.0 97.1 97.0 95.6 96.6 97.1 91.0 97.3
uz  98.3 97.9 99.0 99.3 99.2 99.2 99.3 99.3 97.6 99.3
ve  99.9 31.8 21.0 58.6 73.0 inf inf inf 89.2 89.2
vec 87.9 78.3 80.3 84.8 82.7 inf inf inf 92.9 93.0
vep 85.8 87.1 88.8 89.0 89.3 inf inf inf 92.0 93.2
vi  89.6 88.1 93.4 94.1 93.8 92.5 93.4 94.4 85.2 94.8
vls 78.2 70.7 78.2 78.7 78.7 inf inf inf 83.8 84.5
vo  98.5 98.3 99.1 99.5 99.3 98.7 99.1 99.2 97.4 99.7
wa  81.6 78.9 84.6 83.7 84.4 inf inf inf 87.1 87.0
war 94.9 93.3 95.4 95.5 95.9 96.3 96.1 95.7 96.1 97.8
wo  87.7 82.3 79.1 79.4 78.5 inf inf inf 84.6 86.5
wuu 79.7 67.5 87.0 87.6 86.7 inf inf inf 91.5 92.5
xal 98.7 98.4 95.8 95.6 95.9 inf inf inf 99.3 98.9
xh  35.3 15.8 32.3 26.4 35.0 inf inf inf 82.1 82.1
xmf 73.4 85.0 77.9 78.7 77.7 inf inf inf 87.9 87.7
yi  76.9 78.4 75.1 73.2 74.1 inf inf inf 80.2 81.3
yo  94.0 87.5 91.1 92.1 92.5 94.1 93.3 94.1 96.3 97.0
za  57.1 66.1 67.7 67.1 68.4 inf inf inf 87.0 88.9
zea 86.8 88.1 91.2 92.5 91.9 inf inf inf 93.7 95.4
zh  82.0 78.7 78.6 80.4 78.2 77.2 78.5 79.2 58.3 76.6
zu  82.3 61.5 61.0 70.7 70.3 inf inf inf 79.6 80.4