bg 98.0 98.5 97.7 97.8 98.5 97.9 98.0 98.5 98.7 98.6 98.7 
cs 98.2 98.8 98.3 98.5 98.9 98.7 98.4 98.8 99.0 97.9 98.9 
da 96.4 96.7 95.3 94.9 96.4 95.9 95.8 96.3 97.2 94.4 97.0 
de 93.4 94.4 90.8 92.7 93.8 93.5 93.7 93.8 94.4 93.6 94.0 
en 95.2 95.8 94.3 94.2 95.5 94.9 95.0 95.5 96.1 95.2 95.6 
es 95.7 96.4 96.3 96.1 96.6 96.0 96.1 96.3 96.8 96.4 96.5 
eu 95.5 94.7 94.6 94.3 96.1 94.8 93.4 95.0 96.0 95.3 95.6 
fa 97.5 97.5 97.1 95.9 97.0 96.0 95.7 96.5 97.3 97.0 97.1 
fi 95.8 95.4 92.8 92.8 94.4 93.5 92.1 93.8 94.3 92.2 94.6 
fr 96.1 96.6 96.0 95.5 96.1 95.8 96.1 96.5 96.5 96.2 96.2 
he 97.0 97.4 97.0 96.3 96.8 96.0 96.5 96.8 97.3 96.5 96.6 
hi 97.1 97.2 97.1 96.9 97.2 96.9 96.3 96.8 97.4 97.0 97.0 
hr 96.8 96.3 95.5 93.6 95.4 94.5 96.2 96.6 96.8 96.4 96.8 
id 93.4 94.0 91.9 90.7 93.4 93.0 92.2 93.0 93.5 93.0 93.4 
it 98.0 98.1 97.4 97.0 97.8 97.3 97.5 97.9 98.0 97.9 98.1 
nl 93.3 93.1 90.0 91.7 93.2 92.5 91.5 92.6 93.3 93.3 93.8 
no 98.0 98.1 97.4 97.0 98.2 97.8 97.5 98.0 98.5 97.7 98.1 
pl 97.6 97.6 96.2 95.8 97.1 96.1 96.5 97.7 97.6 97.2 97.5 
pt 97.9 98.1 97.3 96.3 97.7 97.2 97.5 97.8 98.1 97.9 98.2 
sl 96.8 98.1 97.1 96.2 97.7 96.8 96.3 97.4 97.9 97.7 98.0 
sv 96.7 96.7 96.7 95.3 96.7 95.7 96.2 97.1 97.4 96.7 97.3 