ar 31.86 33.86 32.69 34.82 33.68 38.81 32.99 36.26 32.47 35.40 33.03 37.61 33.54 39.63 32.26 38.04 33.71 40.35
da 37.34 40.97 37.65 42.48 41.87 48.48 32.03 32.87 14.61 32.42 32.42 32.42 41.25 47.68 40.89 47.79 42.56 49.34
de 38.47 42.03 38.25 42.11 43.04 49.17 41.92 47.18 40.95 45.84 42.92 49.06 42.54 48.40 42.45 48.24 43.12 49.34
es 38.11 43.48 37.44 43.38 40.21 47.93 39.54 45.25 38.71 43.91 40.33 47.32 40.75 47.40 40.05 47.00 39.94 47.16
fi 32.98 34.47 32.69 35.36 38.26 44.61 36.77 41.10 35.70 39.42 37.42 42.16 39.48 45.95 32.44 32.70 38.79 45.82
fr 39.15 43.91 36.00 40.07 41.48 48.22 40.59 46.20 39.22 44.64 40.90 47.41 40.46 47.20 39.78 45.89 41.88 48.98
he 32.84 34.72 32.38 35.50 34.67 40.19 33.25 37.26 32.56 36.26 33.50 37.89 34.71 40.18 32.42 32.42 35.05 41.30
hu 32.66 34.23 33.11 35.81 37.50 44.06 34.45 38.49 34.02 36.60 34.96 40.25 37.21 43.31 37.00 43.45 37.68 45.15
it 37.78 42.55 35.93 40.80 41.03 47.95 40.93 46.19 38.92 44.43 42.11 47.79 40.80 47.61 39.72 46.01 41.90 49.51
ja 32.08 33.22 30.97 34.71 35.48 49.25 32.16 40.08 32.39 39.04 32.70 43.25 34.23 47.15 33.41 46.94 35.31 48.90
ko 32.42 32.44 32.32 32.90 34.33 38.07 32.30 34.11 32.55 33.66 32.81 34.88 32.49 33.58 33.86 38.15 33.35 37.89
ms 35.01 38.95 34.00 37.78 38.16 44.72 37.43 43.33 35.61 41.09 37.70 44.46 37.51 44.48 37.25 44.13 37.96 45.95
nl 37.05 42.27 37.05 42.00 40.09 47.15 41.47 47.75 39.36 45.83 41.46 47.87 40.39 47.53 40.19 46.52 40.19 47.10
no 36.54 40.31 36.26 41.44 40.98 47.76 40.14 46.60 38.36 43.67 40.91 47.09 40.75 47.41 40.91 47.32 42.17 49.23
pl 34.48 38.24 34.01 37.91 39.39 46.34 38.62 43.52 36.97 41.71 38.87 45.15 38.87 45.31 39.89 45.70 39.74 46.70
pt 38.78 43.58 37.24 42.63 41.03 47.65 40.79 47.62 40.15 46.20 41.25 47.84 41.31 47.87 40.45 47.11 40.78 48.05
ru 34.47 39.06 34.52 39.12 37.70 43.59 36.77 41.14 36.22 40.22 37.51 43.10 37.01 42.75 37.46 43.10 36.31 42.88
sv 34.92 36.75 37.44 42.70 41.30 48.44 41.48 47.80 39.28 45.09 40.99 47.64 40.13 46.89 41.55 48.52 41.68 49.08
th 32.10 33.02 31.68 33.04 30.90 42.71 31.56 37.00 31.01 35.71 29.16 37.70 31.39 39.18 30.48 40.76 32.08 43.09
tr 32.70 33.73 32.47 33.97 39.63 46.34 35.27 39.33 34.77 38.48 36.53 41.68 37.48 43.20 38.93 45.17 39.92 47.04
vi 32.50 33.31 33.67 38.04 36.31 44.14 37.00 43.21 35.55 41.17 36.11 43.88 36.18 43.22 36.97 45.16 37.57 46.28
zhcn 31.17 33.69 31.18 34.32 32.90 43.82 32.28 37.88 30.84 37.33 31.46 39.25 31.44 42.88 31.23 41.20 33.31 44.07
zhhk 31.34 34.51 31.08 34.67 32.49 43.79 31.69 39.03 31.91 37.64 32.53 40.16 32.22 42.38 32.57 42.38 32.43 44.20
zhtw 30.86 33.69 30.42 33.64 32.50 41.18 32.43 32.77 32.35 32.67 32.38 32.73 32.00 40.61 31.29 39.52 32.44 41.67