th 89.3 88.3 88.3 59.4 35.8 70.9 
nb 86.2 83.1 84.2 77.4 65.2 72.0 
en 86.0 84.3 85.1 0 0 0
da 86.0 82.9 84.5 75.4 65.4 71.0 
sv 85.9 83.9 85.1 79.9 70.8 73.3 
fa 85.9 80.1 83.3 74.0 59.4 63.3 
my 85.4 84.9 85.6 57.6 40.6 55.5 
ru 85.4 82.6 82.6 74.5 66.9 70.2 
fi 85.3 83.1 84.3 75.4 55.7 59.5 
ko 85.2 82.9 83.5 70.2 52.2 53.4 
de 85.1 82.6 83.8 74.1 72.9 75.0 
nl 85.0 81.8 82.8 76.1 69.4 73.4 
pt 84.9 81.7 82.0 72.2 63.2 66.0 
vi 84.8 80.4 81.7 69.7 33.3 53.8 
ms 84.6 82.5 83.7 73.5 59.9 66.1 
is 84.5 81.7 83.6 60.3 47.9 52.4 
lv 84.4 82.0 83.2 67.2 55.4 57.0 
hu 84.2 82.0 83.4 67.2 51.8 58.8 
km 84.1 82.6 84.4 52.8 26.9 62.8 
id 84.0 81.5 82.6 76.6 62.9 68.5 
af 84.0 82.3 83.4 69.8 58.5 67.6 
he 83.9 81.9 82.2 57.6 31.9 40.0 
el 83.9 81.8 82.7 70.2 58.6 69.7 
hi 83.8 80.7 81.7 70.9 55.3 56.5 
fr 83.8 80.9 82.0 75.3 59.0 72.6 
it 83.8 81.1 81.6 72.5 65.2 68.6 
sq 83.7 81.1 82.2 64.9 53.1 53.9 
ka 83.4 81.6 82.1 63.0 46.7 58.7 
pl 83.3 79.7 81.5 69.3 59.3 64.2 
ro 83.2 81.5 81.0 73.0 63.9 68.3 
ml 83.2 80.5 82.1 63.4 47.3 58.3 
az 83.1 81.8 81.9 59.8 47.8 48.5 
tr 83.1 81.6 82.1 68.1 56.7 58.2 
es 83.1 80.3 80.1 71.1 67.6 70.0 
bn 83.0 81.3 81.6 63.1 45.4 46.9 
tl 82.8 80.7 81.9 53.9 51.0 56.8 
sl 82.7 79.9 81.3 67.2 56.0 60.4 
mn 82.6 80.8 81.0 60.1 42.3 38.6 
zh 82.2 80.3 80.1 45.6 36.4 38.6 
hy 82.1 80.2 80.7 61.9 48.0 51.5 
zh 82.0 80.1 79.2 43.7 36.6 39.5 
jv 81.9 81.8 81.6 47.4 44.0 47.3 
ar 81.9 79.4 80.4 62.2 44.6 55.0 
cy 81.8 81.2 81.3 47.8 27.8 35.4 
te 81.8 77.5 80.7 65.8 47.7 48.9 
sw 81.8 80.2 80.7 45.3 32.2 43.1 
ta 81.1 79.2 79.3 61.8 50.9 57.0 
am 80.8 79.0 80.0 45.5 28.9 28.2 
kn 80.7 78.6 79.5 61.1 47.6 50.9 
ur 80.6 78.2 79.6 57.5 43.2 41.1 
ja 79.3 74.7 76.8 33.9 17.0 26.0 