af 5 36 84 59 73 79 79 80 76 64 79 79 74 75 80
ar 20 46 88 64 71 74 74 65 26 19 54 45 54 12 56
bg 20 55 90 61 80 81 81 81 5 51 81 65 54 4 76
bn 10 1 95 70 68 74 74 69 65 36 67 66 60 56 63
bs 15 30 92 63 80 79 80 78 76 52 80 78 77 69 82
ca 20 70 91 62 82 86 84 86 80 62 85 80 79 72 83
cs 20 64 90 62 77 78 75 78 73 59 77 75 72 71 78
da 20 68 90 62 77 81 81 82 79 68 83 82 79 78 80
de 20 73 86 58 73 74 73 72 69 63 72 71 64 68 70
el 20 55 89 61 67 67 67 54 13 45 49 43 34 13 45
es 20 83 90 63 83 84 84 85 76 62 85 81 76 73 84
et 15 41 90 64 73 77 77 78 72 58 78 78 71 73 75
fa 20 33 93 74 78 81 79 69 30 16 65 50 52 15 60
fi 20 58 89 67 78 80 80 81 76 68 81 80 69 77 78
fr 20 82 88 57 81 81 80 84 75 59 83 79 73 71 80
he 20 52 85 53 61 61 60 55 40 26 54 54 46 34 50
hi 5 29 85 68 64 74 73 68 48 27 64 61 58 35 54
hr 20 48 89 61 74 79 78 80 76 49 80 79 77 73 78
hu 20 64 90 59 75 79 78 80 71 55 79 79 69 73 76
id 20 68 91 67 82 83 81 75 59 62 73 67 61 62 79
it 20 77 89 60 80 81 80 82 75 59 81 78 76 72 79
lt 10 26 86 62 72 79 80 79 76 48 80 80 75 77 74
lv 10 31 91 68 70 75 75 69 68 40 69 69 67 65 66
mk 10 50 91 67 79 82 81 80 4 38 79 66 48 3 75
ms 20 48 91 66 78 80 78 74 69 62 68 67 63 68 74
nl 20 76 89 59 78 80 80 81 77 63 82 81 78 76 79
no 20 67 90 65 79 82 81 83 79 59 83 83 77 79 79
pl 20 66 89 61 76 79 78 81 73 63 82 80 77 76 78
pt 20 80 90 59 79 81 80 82 77 65 82 77 74 70 82
ro 20 67 92 66 80 82 82 80 76 46 78 76 74 67 77
ru 20 59 86 53 73 71 71 56 10 38 53 40 36 11 61
sk 20 52 91 62 76 79 79 80 74 50 79 76 76 71 79
sl 15 47 92 64 76 80 80 79 76 58 79 78 76 73 78
sq 5 37 88 69 79 84 84 83 82 59 83 84 76 79 79
sv 20 61 93 69 83 83 84 82 77 60 79 80 69 76 84
ta 15 7 84 54 44 53 53 46 35 12 39 42 25 29 38
tl 10 20 93 66 75 82 80 78 65 60 62 60 57 52 76
tr 20 61 90 61 75 77 77 77 70 53 77 76 67 67 71
uk 20 45 89 60 70 78 79 70 5 35 64 58 49 6 60
vi 20 54 88 55 64 72 72 61 58 53 56 55 48 47 56