arb 61.14 37.56 61.97 40.83 19.20 16.72 0.19 5.50
ben 71.29 46.18 84.44 63.49 17.94 14.01 10.19 11.65
cmn 71.76 50.0 73.86 52.30 8.88 24.64 1.66 8.05
pes 65.09 47.71 68.27 50.26 22.38 20.44 10.32 4.38
hin 72.88 48.31 81.15 62.72 62.72 18.0 1.66 6.22
hun 81.98 68.26 82.08 64.36 24.38 35.74 10.09 5.81
ind 75.67 58.91 80.09 60.73 29.5 37.89 1.75 6.96
rus 75.60 56.56 76.51 55.70 26.08 36.15 10.07 7.26
spa 78.12 64.53 78.14 64.75 37.06 47.32 1.68 3.48
swh 74.26 52.39 81.9 57.21 25.46 31.91 0.29 5.61
tam 68.55 41.68 77.91 53.42 14.75 12.96 4.47 15.51
tgl 85.98 66.50 88.63 62.61 34.73 42.16 0.33 6.98
tha 73.58 22.46 86.40 40.99 4.03 3.78 4.47 15.51
tur 82.55 62.80 87.02 66.19 34.34 39.23 10.39 7.09
uzb 79.36 49.56 84.79 59.68 21.84 28.83 4.91 11.82
yor 75.75 37.13 81.34 50.72 19.14 25.04 0.30 3.21
aka 75.87 21.96 79.33 49.02 12.82 35.2 0.52 8.42
amh 11.79 3.27 79.09 43.70 3.95 3.9 1.70 5.48
hau 67.67 15.36 75.73 24.37 12.58 14.77 0.19 5.64
som 74.29 18.35 84.56 53.63 15.84 21.64 0.60 4.16
wol 67.10 13.63 70.27 39.70 9.83 26.45 0.09 10.63
zul 78.89 15.82 84.50 39.65 12.3 13.72 0.92 11.58
uig 32.64 3.59 79.94 42.98 1.45 1.52 1.97 2.45
tir 24.75 4.74 79.42 7.61 7.91 5.71 0.01 2.20
orm 72.00 9.34 72.78 12.28 6.84 10.11 0.01 2.96
kin 65.85 30.18 74.46 44.40 26.55 32.3 0.06 0.95
sin 18.12 3.43 71.63 33.97 3.39 33.97 0.10 1.02